287
48 9 1
32 19 1
20 20 5
21 20 1
22 20 2
23 20 4
 24 20 4
 18 21 1
 21 21 1
 22 21 2
 28 21 3
 32 21 1
 21 22 1
 22 22 2
 27 22 2
 28 22 13
 29 22 12
 14 23 1
 22 23 2
 24 23 1
 26 23 1
 27 23 2
 28 23 10
 29 23 8
 20 23 1
 21 23 1
 15 20 3
 26 18 1
 47 6 1
 13 24 5
 15 24 1
 21 24 1
 24 24 2
 27 24 2
 28 24 3
 29 24 6
 20 25 1
 21 25 6
 22 25 1
 24 25 2
 25 25 2
 27 25 3
 28 25 4
 29 25 8
 31 25 1
 11 26 1
 18 26 8
 19 26 1
 21 26 2
 23 26 2
 24 26 12
 25 26 24
 26 26 12
 27 26 9
 28 26 1
 29 26 2
 30 26 3
 33 26 1
 34 26 1
 39 26 1
 45 26 1
 17 27 2
 21 27 6
 22 27 1
 23 27 85
 24 27 30
 25 27 5
 26 27 37
 27 27 3
 28 27 1
 29 27 1
 30 27 3
 16 28 1
 18 28 2
 19 28 3
 20 28 1
 21 28 1
 22 28 25
 23 28 56
 24 28 11
 25 28 29
 26 28 2
 27 28 1
 30 28 2
 12 29 1
 13 29 1
 16 29 1
 17 29 1
 18 29 4
 19 29 9
 20 29 1
 21 29 63
 22 29 96
 23 29 100
 24 29 326
 25 29 125
 27 29 1
 38 29 1
 9 30 2
 10 30 35
 11 30 3
 13 30 1
 14 30 3
 18 30 1
 19 30 36
 20 30 87
 21 30 136
 22 30 196
 23 30 210
 24 30 156
 25 30 63
 27 30 2
 29 30 8
 10 31 14
 12 31 2
 13 31 19
 14 31 2
 15 31 2
 16 31 9
 20 31 50
 21 31 277
 22 31 698
 23 31 502
 24 31 156
 25 31 128
 26 31 6
 27 31 1
 29 31 1
 36 31 1
 12 32 5
 13 32 3
 15 32 2
 17 32 1
 19 32 14
 20 32 75
 21 32 222
 22 32 272
 23 32 143
 24 32 38
 25 32 22
 26 32 18
 27 32 4
 28 32 2
 29 32 7
 31 32 1
 32 32 2
 37 32 1
 10 33 1
 13 33 1
 15 33 7
 16 33 1
 19 33 8
 20 33 74
 21 33 250
 22 33 191
 23 33 50
 24 33 25
 25 33 3
 26 33 2
 27 33 2
 28 33 11
 29 33 3
 30 33 2
 34 33 1
 36 33 1
 37 33 1
 3 34 1
 15 34 2
 18 34 3
 19 34 3
 20 34 14
 21 34 129
 22 34 81
 23 34 45
 24 34 3
 25 34 1
 29 34 4
 31 34 1
 33 34 1
 35 34 1
 36 34 2
 5 35 1
 10 35 1
 14 35 2
 16 35 1
 17 35 1
 18 35 2
 20 35 47
 21 35 56
 22 35 41
 23 35 1
 25 35 2
 26 35 2
 27 35 2
 28 35 2
 29 35 4
 36 35 1
 20 36 1
 21 36 15
 22 36 1
 23 36 2
 24 36 3
 25 36 2
 26 36 2
 27 36 1
 29 36 1
 30 36 2
 36 36 3
 48 36 1
 10 37 5
 13 37 1
 14 37 1
 15 37 1
 17 37 2
 19 37 1
 20 37 1
 21 37 1
 22 37 2
 23 37 1
 24 37 9
 25 37 3
 8 38 1
 9 38 2
 15 38 2
 17 38 7
 18 38 13
 21 38 23
 22 38 2
 23 38 2
 24 38 7
 25 38 1
 26 38 2
 13 39 1
 15 39 3
 16 39 8
 20 39 1
 21 39 2
 22 39 1
 23 39 1
 24 39 12
 25 39 5
 27 39 1
 33 39 1
 35 39 1
 8 40 1
 12 40 1
 18 40 1
 21 40 4
 22 40 2
 23 40 2
 26 40 1
 36 40 1
 12 41 1
 15 41 1
 17 41 2
 18 41 2
 21 41 4
 22 41 16
 24 41 1
 25 41 1
 26 41 1
 17 42 2
 18 42 1
 22 42 101
 45 43 1
 23 43 1
 21 43 1
 19 43 3
 18 43 1
 15 43 1
 14 44 2
 13 44 1
 22 45 2
 18 45 1
 9 45 1
 8 45 1
 34 46 1
 32 46 1
 24 46 2
 23 46 1
 22 46 1
 33 47 1
 25 47 1
 20 47 1
 15 47 1
 24 48 1
 14 48 1